10
XM_041863441.2_Coregonus_clupeaformis   0.0000000 0.1169691 0.0838604 0.1234373 0.1465456 0.1256820 0.1426709 0.1477734 0.1015611 0.1296805 
XM_055911202.1_Salvelinus_fontinalis    0.1169691 0.0000000 0.0128004 0.0379524 0.2483104 0.0595076 0.1239248 0.1540272 0.0508111 0.0543604 
XM_038982495.1_Salvelinus_namaycush     0.0838604 0.0128004 0.0000000 0.0042153 0.0726400 0.0434896 0.0675687 0.0678010 0.0463110 0.0477259 
XM_071408285.1_Salvelinus_alpinus       0.1234373 0.0379524 0.0042153 0.0000000 0.2587010 0.0641644 0.1218373 0.1470317 0.0539526 0.0570023 
XM_064925901.1_Oncorhynchus_masou       0.1465456 0.2483104 0.0726400 0.2587010 0.0000000 0.0428140 0.0441097 0.0562162 0.0284347 0.0287986 
XM_046338690.1_Oncorhynchus_gorbuscha   0.1256820 0.0595076 0.0434896 0.0641644 0.0428140 0.0000000 0.0212567 0.0280736 0.0210897 0.0286694 
XM_065014888.1_Oncorhynchus_nerka       0.1426709 0.1239248 0.0675687 0.1218373 0.0441097 0.0212567 0.0000000 0.0307692 0.0120438 0.0227956 
XM_052508197.1_Oncorhynchus_keta        0.1477734 0.1540272 0.0678010 0.1470317 0.0562162 0.0280736 0.0307692 0.0000000 0.0193043 0.0314367 
XM_042313500.1_Oncorhynchus_tshawytscha 0.1015611 0.0508111 0.0463110 0.0539526 0.0284347 0.0210897 0.0120438 0.0193043 0.0000000 0.0147751 
XM_031814606.1_Oncorhynchus_kisutch     0.1296805 0.0543604 0.0477259 0.0570023 0.0287986 0.0286694 0.0227956 0.0314367 0.0147751 0.0000000 
