41
XM_029707347.1_Salmo_trutta             0.0000000 0.0000010 0.0000010 0.0315640 0.0315640 0.0865804 0.0910235 0.0817799 0.0874109 0.0874199 0.0874109 0.0991142 0.0957125 0.1090844 0.1097295 0.1079225 0.1081167 0.1083881 0.1077669 0.1071219 0.1146044 0.1123439 0.1009124 0.1128956 0.1128956 0.1135988 0.1016483 0.1032877 0.1032877 0.1019030 0.1113269 0.1119752 0.1113099 0.1090911 0.1099441 0.1099441 0.1023071 0.0921501 0.0914906 0.0914906 0.0739695 
XM_029707346.1_Salmo_trutta             0.0000010 0.0000000 0.0000010 0.0313840 0.0315640 0.0875494 0.0919237 0.0817799 0.0883254 0.0883414 0.0883254 0.0991142 0.0958638 0.1106590 0.1097295 0.1087689 0.1089637 0.1083881 0.1086076 0.1071219 0.1154470 0.1131916 0.1009124 0.1137342 0.1128956 0.1135988 0.1016483 0.1041468 0.1041468 0.1019030 0.1121516 0.1119752 0.1113099 0.1090911 0.1136716 0.1099441 0.1023071 0.0921501 0.0914906 0.0929118 0.0739695 
XM_029707348.1_Salmo_trutta             0.0000010 0.0000010 0.0000000 0.0316834 0.0316834 0.0825239 0.0825239 0.0825239 0.0809233 0.0800352 0.0809233 0.0899274 0.0899274 0.1095921 0.1095921 0.1080601 0.1078355 0.1078355 0.1078355 0.1078355 0.1031991 0.1024476 0.1024476 0.1031991 0.1031991 0.1031991 0.1031991 0.1028094 0.1028094 0.1028094 0.1110062 0.1110062 0.1110062 0.1110062 0.1015444 0.1015444 0.1022864 0.0738691 0.0738691 0.0738691 0.0739695 
XM_014216758.2_Salmo_salar              0.0315640 0.0313840 0.0316834 0.0000000 0.0000010 0.0961879 0.1016163 0.0896452 0.0965476 0.0966274 0.0965476 0.1035462 0.1003102 0.1132566 0.1115945 0.1144813 0.1146869 0.1133811 0.1142753 0.1101191 0.1475309 0.1458856 0.1021069 0.1454123 0.1455133 0.1458022 0.1028291 0.1104902 0.1104902 0.1049234 0.1176809 0.1168237 0.1168652 0.1117953 0.1239921 0.1203449 0.1087599 0.0966425 0.0970632 0.0984461 0.0738016 
XM_014216760.2_Salmo_salar              0.0315640 0.0315640 0.0316834 0.0000010 0.0000000 0.0952601 0.1007587 0.0896452 0.0956695 0.0957429 0.0956695 0.1035462 0.1001844 0.1116963 0.1115945 0.1136623 0.1138673 0.1133811 0.1134618 0.1101191 0.1468664 0.1452176 0.1021069 0.1447476 0.1455133 0.1458022 0.1028291 0.1096597 0.1096597 0.1049234 0.1168831 0.1168237 0.1168652 0.1117953 0.1203449 0.1203449 0.1087599 0.0966425 0.0970632 0.0970632 0.0738016 
XM_070447602.1_Salvelinus_sp            0.0865804 0.0875494 0.0825239 0.0961879 0.0952601 0.0000000 0.0091753 0.0000010 0.0159205 0.0160568 0.0159205 0.0328365 0.0261845 0.0922913 0.0909858 0.0863810 0.0864509 0.0857185 0.0863647 0.0782030 0.0844893 0.0839668 0.0758603 0.0831758 0.0821377 0.0824412 0.0750850 0.0895107 0.0895107 0.0806571 0.0937889 0.0932863 0.0928477 0.0830517 0.0878924 0.0839224 0.0809546 0.0724940 0.0722186 0.0739042 0.0622465 
XM_024003629.2_Salvelinus_sp            0.0910235 0.0919237 0.0825239 0.1016163 0.1007587 0.0091753 0.0000000 0.0000010 0.0131973 0.0133035 0.0131973 0.0357540 0.0292163 0.0948575 0.0936618 0.0908105 0.0909699 0.0902590 0.0907886 0.0782030 0.0892878 0.0887645 0.0758603 0.0879714 0.0870100 0.0873723 0.0750850 0.0922228 0.0922228 0.0806571 0.0965820 0.0961323 0.0956788 0.0830517 0.0903467 0.0865758 0.0809546 0.0764663 0.0761203 0.0776465 0.0622465 
XM_070447603.1_Salvelinus_sp            0.0817799 0.0817799 0.0825239 0.0896452 0.0896452 0.0000010 0.0000010 0.0000000 0.0073570 0.0074270 0.0073570 0.0268482 0.0268482 0.0853205 0.0853205 0.0795583 0.0796031 0.0796031 0.0796031 0.0796031 0.0765584 0.0773735 0.0773735 0.0765584 0.0765584 0.0765584 0.0765584 0.0806254 0.0806254 0.0806571 0.0853390 0.0853390 0.0853390 0.0853390 0.0796337 0.0796337 0.0809546 0.0611646 0.0611646 0.0611646 0.0622465 
XM_071345592.1_Salvelinus_alpinus       0.0874109 0.0883254 0.0809233 0.0965476 0.0956695 0.0159205 0.0131973 0.0073570 0.0000000 0.0000010 0.0000010 0.0284261 0.0278661 0.0905607 0.0892965 0.0851325 0.0852814 0.0845321 0.0851539 0.0799246 0.0816965 0.0812207 0.0750821 0.0804994 0.0795068 0.0797750 0.0743144 0.0851648 0.0851648 0.0807911 0.0908741 0.0903315 0.0899475 0.0846870 0.0838865 0.0801176 0.0810461 0.0650685 0.0649324 0.0665277 0.0608795 
XM_071345593.1_Salvelinus_alpinus       0.0874199 0.0883414 0.0800352 0.0966274 0.0957429 0.0160568 0.0133035 0.0074270 0.0000010 0.0000000 0.0000010 0.0279902 0.0274256 0.0906104 0.0893367 0.0851325 0.0852883 0.0845329 0.0851597 0.0798839 0.0824264 0.0812080 0.0750821 0.0812080 0.0802102 0.0804895 0.0750821 0.0859020 0.0859020 0.0816103 0.0909258 0.0903796 0.0899920 0.0846892 0.0838697 0.0800714 0.0810141 0.0648058 0.0646730 0.0662896 0.0604880 
XM_071345591.1_Salvelinus_alpinus       0.0874109 0.0883254 0.0809233 0.0965476 0.0956695 0.0159205 0.0131973 0.0073570 0.0000010 0.0000010 0.0000000 0.0284261 0.0278661 0.0905607 0.0892965 0.0851325 0.0852814 0.0845321 0.0851539 0.0799246 0.0816965 0.0812207 0.0750821 0.0804994 0.0795068 0.0797750 0.0743144 0.0851648 0.0851648 0.0807911 0.0908741 0.0903315 0.0899475 0.0846870 0.0838865 0.0801176 0.0810461 0.0650685 0.0649324 0.0665277 0.0608795 
XM_055861108.1_Salvelinus_fontinalis    0.0991142 0.0991142 0.0899274 0.1035462 0.1035462 0.0328365 0.0357540 0.0268482 0.0284261 0.0279902 0.0284261 0.0000000 0.0000010 0.0931690 0.0931690 0.0905321 0.0899251 0.0897658 0.0897658 0.0847205 0.0915851 0.0902805 0.0836105 0.0902322 0.0902322 0.0902322 0.0836183 0.0912871 0.0912871 0.0874629 0.0926801 0.0926818 0.0926659 0.0862026 0.0847941 0.0847941 0.0844307 0.0746961 0.0746961 0.0746961 0.0722723 
XM_055861107.1_Salvelinus_fontinalis    0.0957125 0.0958638 0.0899274 0.1003102 0.1001844 0.0261845 0.0292163 0.0268482 0.0278661 0.0274256 0.0278661 0.0000010 0.0000000 0.0905373 0.0900145 0.0857470 0.0851499 0.0851374 0.0850207 0.0847205 0.0836520 0.0824014 0.0836105 0.0824182 0.0821869 0.0824903 0.0836183 0.0887129 0.0887129 0.0874629 0.0893609 0.0895413 0.0891593 0.0862026 0.0844338 0.0813670 0.0844307 0.0692840 0.0690650 0.0695331 0.0722723 
XM_064935451.1_Oncorhynchus_masou       0.1090844 0.1106590 0.1095921 0.1132566 0.1116963 0.0922913 0.0948575 0.0853205 0.0905607 0.0906104 0.0905607 0.0931690 0.0905373 0.0000000 0.0000010 0.0627907 0.0621696 0.0627215 0.0622573 0.0611216 0.0582398 0.0578844 0.0567901 0.0581016 0.0577529 0.0585073 0.0570491 0.0566565 0.0566565 0.0556716 0.0692063 0.0698006 0.0689349 0.0690742 0.0673616 0.0642699 0.0706717 0.0519112 0.0508914 0.0514821 0.0572240 
XM_064935452.1_Oncorhynchus_masou       0.1097295 0.1097295 0.1095921 0.1115945 0.1115945 0.0909858 0.0936618 0.0853205 0.0892965 0.0893367 0.0892965 0.0931690 0.0900145 0.0000010 0.0000000 0.0632688 0.0626259 0.0627215 0.0627215 0.0611216 0.0586541 0.0582893 0.0567901 0.0585073 0.0585073 0.0585073 0.0570491 0.0570163 0.0570163 0.0556716 0.0698006 0.0698125 0.0698006 0.0690742 0.0650773 0.0650773 0.0706717 0.0519112 0.0519112 0.0519112 0.0572240 
XM_035783006.2_Oncorhynchus_keta        0.1079225 0.1087689 0.1080601 0.1144813 0.1136623 0.0863810 0.0908105 0.0795583 0.0851325 0.0851325 0.0851325 0.0905321 0.0857470 0.0627907 0.0632688 0.0000000 0.0000010 0.0000010 0.0000010 0.0000010 0.0225487 0.0222281 0.0217297 0.0222281 0.0223651 0.0226495 0.0217297 0.0397697 0.0397697 0.0360132 0.0719990 0.0733396 0.0724281 0.0715267 0.0708212 0.0684312 0.0726233 0.0451815 0.0442985 0.0438777 0.0474653 
XM_035782972.2_Oncorhynchus_keta        0.1081167 0.1089637 0.1078355 0.1146869 0.1138673 0.0864509 0.0909699 0.0796031 0.0852814 0.0852883 0.0852814 0.0899251 0.0851499 0.0621696 0.0626259 0.0000010 0.0000000 0.0000010 0.0000010 0.0000010 0.0225882 0.0217660 0.0217297 0.0222665 0.0224037 0.0226854 0.0223003 0.0391703 0.0391703 0.0364480 0.0713862 0.0727162 0.0718118 0.0708633 0.0702281 0.0678331 0.0718874 0.0441699 0.0433169 0.0429046 0.0466304 
XM_035782989.2_Oncorhynchus_keta        0.1083881 0.1083881 0.1078355 0.1133811 0.1133811 0.0857185 0.0902590 0.0796031 0.0845321 0.0845329 0.0845321 0.0897658 0.0851374 0.0627215 0.0627215 0.0000010 0.0000010 0.0000000 0.0000010 0.0000010 0.0234921 0.0226568 0.0217297 0.0231547 0.0231547 0.0231547 0.0223003 0.0408541 0.0408541 0.0364480 0.0727172 0.0727186 0.0727063 0.0708633 0.0687160 0.0687160 0.0718874 0.0445890 0.0445890 0.0445890 0.0466304 
XM_035782963.2_Oncorhynchus_keta        0.1077669 0.1086076 0.1078355 0.1142753 0.1134618 0.0863647 0.0907886 0.0796031 0.0851539 0.0851597 0.0851539 0.0897658 0.0850207 0.0622573 0.0627215 0.0000010 0.0000010 0.0000010 0.0000000 0.0000010 0.0230526 0.0222351 0.0217297 0.0227266 0.0228663 0.0231547 0.0223003 0.0401238 0.0401238 0.0364480 0.0713884 0.0727063 0.0718104 0.0708633 0.0702414 0.0678687 0.0718874 0.0445890 0.0437288 0.0433187 0.0466304 
XM_035783015.2_Oncorhynchus_keta        0.1071219 0.1071219 0.1078355 0.1101191 0.1101191 0.0782030 0.0782030 0.0796031 0.0799246 0.0798839 0.0799246 0.0847205 0.0847205 0.0611216 0.0611216 0.0000010 0.0000010 0.0000010 0.0000010 0.0000000 0.0223247 0.0217536 0.0217536 0.0223247 0.0223247 0.0223247 0.0223247 0.0392395 0.0392395 0.0364480 0.0725763 0.0725763 0.0725763 0.0725763 0.0703487 0.0703487 0.0718874 0.0450088 0.0450088 0.0450088 0.0466304 
XM_046300737.1_Oncorhynchus_gorbuscha   0.1146044 0.1154470 0.1031991 0.1475309 0.1468664 0.0844893 0.0892878 0.0765584 0.0816965 0.0824264 0.0816965 0.0915851 0.0836520 0.0582398 0.0586541 0.0225487 0.0225882 0.0234921 0.0230526 0.0223247 0.0000000 0.0000010 0.0000010 0.0000010 0.0000010 0.0000010 0.0000010 0.0320562 0.0320562 0.0270705 0.0708794 0.0722704 0.0713246 0.0691140 0.0691498 0.0667408 0.0691441 0.0445553 0.0436964 0.0432868 0.0438017 
XM_046300735.1_Oncorhynchus_gorbuscha   0.1123439 0.1131916 0.1024476 0.1458856 0.1452176 0.0839668 0.0887645 0.0773735 0.0812207 0.0812080 0.0812207 0.0902805 0.0824014 0.0578844 0.0582893 0.0222281 0.0217660 0.0226568 0.0222351 0.0217536 0.0000010 0.0000000 0.0000010 0.0000010 0.0000010 0.0000010 0.0000010 0.0318755 0.0318755 0.0273483 0.0697249 0.0710833 0.0701590 0.0689754 0.0680548 0.0656561 0.0689921 0.0430715 0.0422492 0.0418569 0.0431321 
XM_046300739.1_Oncorhynchus_gorbuscha   0.1009124 0.1009124 0.1024476 0.1021069 0.1021069 0.0758603 0.0758603 0.0773735 0.0750821 0.0750821 0.0750821 0.0836105 0.0836105 0.0567901 0.0567901 0.0217297 0.0217297 0.0217297 0.0217297 0.0217536 0.0000010 0.0000010 0.0000000 0.0000010 0.0000010 0.0000010 0.0000010 0.0305073 0.0305073 0.0273483 0.0714813 0.0714813 0.0714813 0.0714813 0.0665814 0.0665814 0.0689921 0.0429604 0.0429604 0.0429604 0.0431321 
XM_046300732.1_Oncorhynchus_gorbuscha   0.1128956 0.1137342 0.1031991 0.1454123 0.1447476 0.0831758 0.0879714 0.0765584 0.0804994 0.0812080 0.0804994 0.0902322 0.0824182 0.0581016 0.0585073 0.0222281 0.0222665 0.0231547 0.0227266 0.0223247 0.0000010 0.0000010 0.0000010 0.0000000 0.0000010 0.0000010 0.0000010 0.0316013 0.0316013 0.0270705 0.0698452 0.0711946 0.0702765 0.0691140 0.0681828 0.0658045 0.0691441 0.0435792 0.0427572 0.0423650 0.0438017 
XM_046300733.1_Oncorhynchus_gorbuscha   0.1128956 0.1128956 0.1031991 0.1455133 0.1455133 0.0821377 0.0870100 0.0765584 0.0795068 0.0802102 0.0795068 0.0902322 0.0821869 0.0577529 0.0585073 0.0223651 0.0224037 0.0231547 0.0228663 0.0223247 0.0000010 0.0000010 0.0000010 0.0000010 0.0000000 0.0000010 0.0000010 0.0317957 0.0317957 0.0270705 0.0702874 0.0711946 0.0702765 0.0691140 0.0658045 0.0658045 0.0691441 0.0435792 0.0427572 0.0427572 0.0438017 
XM_046300734.1_Oncorhynchus_gorbuscha   0.1135988 0.1135988 0.1031991 0.1458022 0.1458022 0.0824412 0.0873723 0.0765584 0.0797750 0.0804895 0.0797750 0.0902322 0.0824903 0.0585073 0.0585073 0.0226495 0.0226854 0.0231547 0.0231547 0.0223247 0.0000010 0.0000010 0.0000010 0.0000010 0.0000010 0.0000000 0.0000010 0.0321992 0.0321992 0.0270705 0.0712057 0.0712071 0.0711946 0.0691140 0.0666245 0.0666245 0.0691441 0.0435792 0.0435792 0.0435792 0.0438017 
XM_046300738.1_Oncorhynchus_gorbuscha   0.1016483 0.1016483 0.1031991 0.1028291 0.1028291 0.0750850 0.0750850 0.0765584 0.0743144 0.0750821 0.0743144 0.0836183 0.0836183 0.0570491 0.0570491 0.0217297 0.0223003 0.0223003 0.0223003 0.0223247 0.0000010 0.0000010 0.0000010 0.0000010 0.0000010 0.0000010 0.0000000 0.0302050 0.0302050 0.0270705 0.0716030 0.0716030 0.0716030 0.0716030 0.0667491 0.0667491 0.0691441 0.0435893 0.0435893 0.0435893 0.0438017 
XM_029632805.2_Oncorhynchus_nerka       0.1032877 0.1041468 0.1028094 0.1104902 0.1096597 0.0895107 0.0922228 0.0806254 0.0851648 0.0859020 0.0851648 0.0912871 0.0887129 0.0566565 0.0570163 0.0397697 0.0391703 0.0408541 0.0401238 0.0392395 0.0320562 0.0318755 0.0305073 0.0316013 0.0317957 0.0321992 0.0302050 0.0000000 0.0000010 0.0000010 0.0664325 0.0676515 0.0668228 0.0678623 0.0617248 0.0593388 0.0627543 0.0444160 0.0435624 0.0431555 0.0452700 
XM_065009068.1_Oncorhynchus_nerka       0.1032877 0.1041468 0.1028094 0.1104902 0.1096597 0.0895107 0.0922228 0.0806254 0.0851648 0.0859020 0.0851648 0.0912871 0.0887129 0.0566565 0.0570163 0.0397697 0.0391703 0.0408541 0.0401238 0.0392395 0.0320562 0.0318755 0.0305073 0.0316013 0.0317957 0.0321992 0.0302050 0.0000010 0.0000000 0.0000010 0.0664325 0.0676515 0.0668228 0.0678623 0.0617248 0.0593388 0.0627543 0.0444160 0.0435624 0.0431555 0.0452700 
XM_029632807.2_Oncorhynchus_nerka       0.1019030 0.1019030 0.1028094 0.1049234 0.1049234 0.0806571 0.0806571 0.0806571 0.0807911 0.0816103 0.0807911 0.0874629 0.0874629 0.0556716 0.0556716 0.0360132 0.0364480 0.0364480 0.0364480 0.0364480 0.0270705 0.0273483 0.0273483 0.0270705 0.0270705 0.0270705 0.0270705 0.0000010 0.0000010 0.0000000 0.0658013 0.0658013 0.0658013 0.0658013 0.0617664 0.0617664 0.0627543 0.0445192 0.0445192 0.0445192 0.0452700 
XM_036978260.1_Oncorhynchus_mykiss      0.1113269 0.1121516 0.1110062 0.1176809 0.1168831 0.0937889 0.0965820 0.0853390 0.0908741 0.0909258 0.0908741 0.0926801 0.0893609 0.0692063 0.0698006 0.0719990 0.0713862 0.0727172 0.0713884 0.0725763 0.0708794 0.0697249 0.0714813 0.0698452 0.0702874 0.0712057 0.0716030 0.0664325 0.0664325 0.0658013 0.0000000 0.0000010 0.0000010 0.0000010 0.0610169 0.0586301 0.0608815 0.0358962 0.0352075 0.0348790 0.0326275 
XM_036978263.1_Oncorhynchus_mykiss      0.1119752 0.1119752 0.1110062 0.1168237 0.1168237 0.0932863 0.0961323 0.0853390 0.0903315 0.0903796 0.0903315 0.0926818 0.0895413 0.0698006 0.0698125 0.0733396 0.0727162 0.0727186 0.0727063 0.0725763 0.0722704 0.0710833 0.0714813 0.0711946 0.0711946 0.0712071 0.0716030 0.0676515 0.0676515 0.0658013 0.0000010 0.0000000 0.0000010 0.0000010 0.0593460 0.0593460 0.0608815 0.0358973 0.0358878 0.0358878 0.0326275 
XM_036978262.1_Oncorhynchus_mykiss      0.1113099 0.1113099 0.1110062 0.1168652 0.1168652 0.0928477 0.0956788 0.0853390 0.0899475 0.0899920 0.0899475 0.0926659 0.0891593 0.0689349 0.0698006 0.0724281 0.0718118 0.0727063 0.0718104 0.0725763 0.0713246 0.0701590 0.0714813 0.0702765 0.0702765 0.0711946 0.0716030 0.0668228 0.0668228 0.0658013 0.0000010 0.0000010 0.0000000 0.0000010 0.0586215 0.0586215 0.0608815 0.0358878 0.0351994 0.0351994 0.0326275 
XM_036978264.1_Oncorhynchus_mykiss      0.1090911 0.1090911 0.1110062 0.1117953 0.1117953 0.0830517 0.0830517 0.0853390 0.0846870 0.0846892 0.0846870 0.0862026 0.0862026 0.0690742 0.0690742 0.0715267 0.0708633 0.0708633 0.0708633 0.0725763 0.0691140 0.0689754 0.0714813 0.0691140 0.0691140 0.0691140 0.0716030 0.0678623 0.0678623 0.0658013 0.0000010 0.0000010 0.0000010 0.0000000 0.0586580 0.0586580 0.0608815 0.0343719 0.0343719 0.0343719 0.0326275 
XM_020499183.2_Oncorhynchus_kisutch     0.1099441 0.1136716 0.1015444 0.1239921 0.1203449 0.0878924 0.0903467 0.0796337 0.0838865 0.0838697 0.0838865 0.0847941 0.0844338 0.0673616 0.0650773 0.0708212 0.0702281 0.0687160 0.0702414 0.0703487 0.0691498 0.0680548 0.0665814 0.0681828 0.0658045 0.0666245 0.0667491 0.0617248 0.0617248 0.0617664 0.0610169 0.0593460 0.0586215 0.0586580 0.0000000 0.0000010 0.0000010 0.0329628 0.0323455 0.0361620 0.0340261 
XM_020499184.2_Oncorhynchus_kisutch     0.1099441 0.1099441 0.1015444 0.1203449 0.1203449 0.0839224 0.0865758 0.0796337 0.0801176 0.0800714 0.0801176 0.0847941 0.0813670 0.0642699 0.0650773 0.0684312 0.0678331 0.0687160 0.0678687 0.0703487 0.0667408 0.0656561 0.0665814 0.0658045 0.0658045 0.0666245 0.0667491 0.0593388 0.0593388 0.0617664 0.0586301 0.0593460 0.0586215 0.0586580 0.0000010 0.0000000 0.0000010 0.0329628 0.0323455 0.0323455 0.0340261 
XM_020499187.2_Oncorhynchus_kisutch     0.1023071 0.1023071 0.1022864 0.1087599 0.1087599 0.0809546 0.0809546 0.0809546 0.0810461 0.0810141 0.0810461 0.0844307 0.0844307 0.0706717 0.0706717 0.0726233 0.0718874 0.0718874 0.0718874 0.0718874 0.0691441 0.0689921 0.0689921 0.0691441 0.0691441 0.0691441 0.0691441 0.0627543 0.0627543 0.0627543 0.0608815 0.0608815 0.0608815 0.0608815 0.0000010 0.0000010 0.0000000 0.0344050 0.0344050 0.0344050 0.0344050 
XM_024421700.2_Oncorhynchus_tshawytscha 0.0921501 0.0921501 0.0738691 0.0966425 0.0966425 0.0724940 0.0764663 0.0611646 0.0650685 0.0648058 0.0650685 0.0746961 0.0692840 0.0519112 0.0519112 0.0451815 0.0441699 0.0445890 0.0445890 0.0450088 0.0445553 0.0430715 0.0429604 0.0435792 0.0435792 0.0435792 0.0435893 0.0444160 0.0444160 0.0445192 0.0358962 0.0358973 0.0358878 0.0343719 0.0329628 0.0329628 0.0344050 0.0000000 0.0000010 0.0000010 0.0000010 
XM_024421699.2_Oncorhynchus_tshawytscha 0.0914906 0.0914906 0.0738691 0.0970632 0.0970632 0.0722186 0.0761203 0.0611646 0.0649324 0.0646730 0.0649324 0.0746961 0.0690650 0.0508914 0.0519112 0.0442985 0.0433169 0.0445890 0.0437288 0.0450088 0.0436964 0.0422492 0.0429604 0.0427572 0.0427572 0.0435792 0.0435893 0.0435624 0.0435624 0.0445192 0.0352075 0.0358878 0.0351994 0.0343719 0.0323455 0.0323455 0.0344050 0.0000010 0.0000000 0.0000010 0.0000010 
XM_024421698.2_Oncorhynchus_tshawytscha 0.0914906 0.0929118 0.0738691 0.0984461 0.0970632 0.0739042 0.0776465 0.0611646 0.0665277 0.0662896 0.0665277 0.0746961 0.0695331 0.0514821 0.0519112 0.0438777 0.0429046 0.0445890 0.0433187 0.0450088 0.0432868 0.0418569 0.0429604 0.0423650 0.0427572 0.0435792 0.0435893 0.0431555 0.0431555 0.0445192 0.0348790 0.0358878 0.0351994 0.0343719 0.0361620 0.0323455 0.0344050 0.0000010 0.0000010 0.0000000 0.0000010 
XM_024421701.2_Oncorhynchus_tshawytscha 0.0739695 0.0739695 0.0739695 0.0738016 0.0738016 0.0622465 0.0622465 0.0622465 0.0608795 0.0604880 0.0608795 0.0722723 0.0722723 0.0572240 0.0572240 0.0474653 0.0466304 0.0466304 0.0466304 0.0466304 0.0438017 0.0431321 0.0431321 0.0438017 0.0438017 0.0438017 0.0438017 0.0452700 0.0452700 0.0452700 0.0326275 0.0326275 0.0326275 0.0326275 0.0340261 0.0340261 0.0344050 0.0000010 0.0000010 0.0000010 0.0000000 
