11
XM_052496231.1 0.0000000 0.0169495 0.0417572 0.0260606 0.0288440 0.0290191 0.0200837 0.0219207 0.0862641 0.0503666 0.1029768 
XM_046367503.1 0.0169495 0.0000000 0.0471078 0.0180893 0.0300654 0.0278446 0.0158891 0.0182779 0.0905721 0.0448350 0.1111801 
XM_064953169.1 0.0417572 0.0471078 0.0000000 0.0299186 0.0459404 0.0436413 0.0196937 0.0303518 0.1033270 0.0593184 0.1045325 
XM_029648417.2 0.0260606 0.0180893 0.0299186 0.0000000 0.0299384 0.0318015 0.0170184 0.0270757 0.0568328 0.0371708 0.0503698 
XM_042325168.1 0.0288440 0.0300654 0.0459404 0.0299384 0.0000000 0.0207656 0.0143727 0.0279272 0.0862503 0.0356492 0.0788724 
XM_031787728.1 0.0290191 0.0278446 0.0436413 0.0318015 0.0207656 0.0000000 0.0143060 0.0268131 0.0843278 0.0396073 0.0795587 
XM_071127994.1 0.0200837 0.0158891 0.0196937 0.0170184 0.0143727 0.0143060 0.0000000 0.0076558 0.0451932 0.0298740 0.0380939 
XM_036963012.1 0.0219207 0.0182779 0.0303518 0.0270757 0.0279272 0.0268131 0.0076558 0.0000000 0.0639326 0.0346060 0.0562835 
NM_001198575.1 0.0862641 0.0905721 0.1033270 0.0568328 0.0862503 0.0843278 0.0451932 0.0639326 0.0000000 0.0464847 0.0509459 
XM_071382654.1 0.0503666 0.0448350 0.0593184 0.0371708 0.0356492 0.0396073 0.0298740 0.0346060 0.0464847 0.0000000 0.0275179 
XM_055865526.1 0.1029768 0.1111801 0.1045325 0.0503698 0.0788724 0.0795587 0.0380939 0.0562835 0.0509459 0.0275179 0.0000000 
