11
XM_052496231.1_Oncorhynchus_keta        0.0000000 0.0169496 0.0417581 0.0260615 0.0288449 0.0290202 0.0200844 0.0219215 0.0862677 0.0503693 0.1029834 
XM_046367503.1_Oncorhynchus_gorbuscha   0.0169496 0.0000000 0.0471089 0.0180898 0.0300666 0.0278456 0.0158895 0.0182784 0.0905757 0.0448372 0.1111869 
XM_064953169.1_Oncorhynchus_masou       0.0417581 0.0471089 0.0000000 0.0299198 0.0459422 0.0436433 0.0196943 0.0303529 0.1033320 0.0593218 0.1045381 
XM_029648417.2_Oncorhynchus_nerka       0.0260615 0.0180898 0.0299198 0.0000000 0.0299397 0.0318026 0.0170187 0.0270763 0.0568347 0.0371727 0.0503737 
XM_042325168.1_Oncorhynchus_tshawytscha 0.0288449 0.0300666 0.0459422 0.0299397 0.0000000 0.0207662 0.0143731 0.0279284 0.0862539 0.0356509 0.0788767 
XM_031787728.1_Oncorhynchus_kisutch     0.0290202 0.0278456 0.0436433 0.0318026 0.0207662 0.0000000 0.0143064 0.0268141 0.0843314 0.0396091 0.0795630 
XM_071127994.1_Oncorhynchus_clarkii     0.0200844 0.0158895 0.0196943 0.0170187 0.0143731 0.0143064 0.0000000 0.0076559 0.0451950 0.0298754 0.0380958 
XM_036963012.1_Oncorhynchus_mykiss      0.0219215 0.0182784 0.0303529 0.0270763 0.0279284 0.0268141 0.0076559 0.0000000 0.0639362 0.0346078 0.0562872 
NM_001198575.1_Salmo_salar              0.0862677 0.0905757 0.1033320 0.0568347 0.0862539 0.0843314 0.0451950 0.0639362 0.0000000 0.0464855 0.0509465 
XM_071382654.1_Salvelinus_alpinus       0.0503693 0.0448372 0.0593218 0.0371727 0.0356509 0.0396091 0.0298754 0.0346078 0.0464855 0.0000000 0.0275186 
XM_055865526.1_Salvelinus_fontinalis    0.1029834 0.1111869 0.1045381 0.0503737 0.0788767 0.0795630 0.0380958 0.0562872 0.0509465 0.0275186 0.0000000 
