20
XM_041847045.2 0.0000000 0.0583458 0.0583458 0.0631838 0.0631838 0.0633812 0.0633812 0.0550412 0.0550412 0.0594925 0.0641120 0.0596123 0.0609474 0.0590605 0.0572733 0.0572733 0.0672928 0.0651273 0.0635996 0.0600295 
XM_029687771.2 0.0583458 0.0000000 0.0000010 0.0127697 0.0127697 0.0134056 0.0134056 0.0096416 0.0096416 0.0119550 0.0140210 0.0276846 0.0296793 0.0137130 0.0124712 0.0124810 0.0305247 0.0296168 0.0274910 0.0243356 
XM_029687770.2 0.0583458 0.0000010 0.0000000 0.0127697 0.0127452 0.0134056 0.0133801 0.0096416 0.0096232 0.0119321 0.0140044 0.0276846 0.0296793 0.0136864 0.0124472 0.0124810 0.0305247 0.0296168 0.0274910 0.0243356 
XM_035743297.2 0.0631838 0.0127697 0.0127697 0.0000000 0.0000010 0.0101883 0.0102000 0.0254325 0.0254325 0.0283216 0.0181294 0.0319893 0.0327450 0.0174178 0.0161455 0.0161583 0.0340719 0.1000753 0.0962690 0.0270814 
XM_035743296.2 0.0631838 0.0127697 0.0127452 0.0000010 0.0000000 0.0101883 0.0101809 0.0254325 0.0253903 0.0282738 0.0181077 0.0319893 0.0327450 0.0173837 0.0161141 0.0161583 0.0340719 0.0985869 0.0947913 0.0270814 
XM_046307917.1 0.0633812 0.0134056 0.0134056 0.0101883 0.0101883 0.0000000 0.0000010 0.0167729 0.0167729 0.0179081 0.0207056 0.0348665 0.0364546 0.0200081 0.0187343 0.0187490 0.0365656 0.0351345 0.0338335 0.0306429 
XM_046307916.1 0.0633812 0.0134056 0.0133801 0.0102000 0.0101809 0.0000010 0.0000000 0.0167924 0.0167607 0.0178950 0.0206811 0.0348665 0.0364546 0.0199692 0.0186982 0.0187490 0.0365656 0.0351767 0.0338740 0.0306429 
XM_024412850.2 0.0550412 0.0096416 0.0096416 0.0254325 0.0254325 0.0167729 0.0167924 0.0000000 0.0000010 0.0119149 0.0140607 0.0277917 0.0285329 0.0121528 0.0105431 0.0105514 0.0281245 0.0369450 0.0333306 0.0213782 
XM_042329933.1 0.0550412 0.0096416 0.0096232 0.0254325 0.0253903 0.0167729 0.0167607 0.0000010 0.0000000 0.0118954 0.0140440 0.0277917 0.0285329 0.0121292 0.0105227 0.0105514 0.0281245 0.0369450 0.0333306 0.0213782 
XM_020487761.2 0.0594925 0.0119550 0.0119321 0.0283216 0.0282738 0.0179081 0.0178950 0.0119149 0.0118954 0.0000000 0.0164608 0.0302413 0.0301402 0.0129039 0.0120934 0.0121264 0.0292614 0.0375662 0.0357016 0.0225927 
XM_064927857.1 0.0641120 0.0140210 0.0140044 0.0181294 0.0181077 0.0207056 0.0206811 0.0140607 0.0140440 0.0164608 0.0000000 0.0331618 0.0334740 0.0168047 0.0155723 0.0156030 0.0336973 0.0332354 0.0306783 0.0280905 
XM_029729756.1 0.0596123 0.0276846 0.0276846 0.0319893 0.0319893 0.0348665 0.0348665 0.0277917 0.0277917 0.0302413 0.0331618 0.0000000 0.0127181 0.0302634 0.0286221 0.0286221 0.0344039 0.0337330 0.0310808 0.0270769 
XM_014194282.2 0.0609474 0.0296793 0.0296793 0.0327450 0.0327450 0.0364546 0.0364546 0.0285329 0.0285329 0.0301402 0.0334740 0.0127181 0.0000000 0.0301708 0.0289446 0.0289446 0.0347265 0.0344949 0.0314086 0.0270680 
XM_071116455.1 0.0590605 0.0137130 0.0136864 0.0174178 0.0173837 0.0200081 0.0199692 0.0121528 0.0121292 0.0129039 0.0168047 0.0302634 0.0301708 0.0000000 0.0096772 0.0096958 0.0291841 0.0287796 0.0262687 0.0229153 
XM_021573985.2 0.0572733 0.0124712 0.0124472 0.0161455 0.0161141 0.0187343 0.0186982 0.0105431 0.0105227 0.0120934 0.0155723 0.0286221 0.0289446 0.0096772 0.0000000 0.0000010 0.0263018 0.0278455 0.0242321 0.0224947 
XM_021573986.2 0.0572733 0.0124810 0.0124810 0.0161583 0.0161583 0.0187490 0.0187490 0.0105514 0.0105514 0.0121264 0.0156030 0.0286221 0.0289446 0.0096958 0.0000010 0.0000000 0.0263229 0.0278677 0.0242514 0.0224947 
XM_023994158.2 0.0672928 0.0305247 0.0305247 0.0340719 0.0340719 0.0365656 0.0365656 0.0281245 0.0281245 0.0292614 0.0336973 0.0344039 0.0347265 0.0291841 0.0263018 0.0263229 0.0000000 0.0131421 0.0028201 0.0078406 
XM_055863637.1 0.0651273 0.0296168 0.0296168 0.1000753 0.0985869 0.0351345 0.0351767 0.0369450 0.0369450 0.0375662 0.0332354 0.0337330 0.0344949 0.0287796 0.0278455 0.0278677 0.0131421 0.0000000 0.0138668 0.0066275 
XM_071365565.1 0.0635996 0.0274910 0.0274910 0.0962690 0.0947913 0.0338335 0.0338740 0.0333306 0.0333306 0.0357016 0.0306783 0.0310808 0.0314086 0.0262687 0.0242321 0.0242514 0.0028201 0.0138668 0.0000000 0.0046808 
XM_039009107.1 0.0600295 0.0243356 0.0243356 0.0270814 0.0270814 0.0306429 0.0306429 0.0213782 0.0213782 0.0225927 0.0280905 0.0270769 0.0270680 0.0229153 0.0224947 0.0224947 0.0078406 0.0066275 0.0046808 0.0000000 
