6
XR_010463633.1 0.0000000 0.1383336 1.3803571 1.0466790 3.9996143 1.3571937 
XM_065016862.1 0.1383336 0.0000000 0.2954020 0.2840149 0.3513887 0.2045225 
XM_029744723.1 1.3803571 0.2954020 0.0000000 0.3079046 0.3783276 0.2044187 
XM_045219711.1 1.0466790 0.2840149 0.3079046 0.0000000 0.3592819 0.2719473 
XM_055910415.1 3.9996143 0.3513887 0.3783276 0.3592819 0.0000000 0.0170175 
XM_071405034.1 1.3571937 0.2045225 0.2044187 0.2719473 0.0170175 0.0000000 
