41
XM_029707347.1 0.0000000 0.0000010 0.0000010 0.0315639 0.0315639 0.0865802 0.0910233 0.0817797 0.0874107 0.0874197 0.0874107 0.0991140 0.0957123 0.1090841 0.1097293 0.1079223 0.1081164 0.1083879 0.1077667 0.1071216 0.1146042 0.1123436 0.1009122 0.1128953 0.1128953 0.1135985 0.1016481 0.1032874 0.1032874 0.1019028 0.1113267 0.1119750 0.1113097 0.1090909 0.1099439 0.1099439 0.1023068 0.0921499 0.0914904 0.0914904 0.0739693 
XM_029707346.1 0.0000010 0.0000000 0.0000010 0.0313839 0.0315639 0.0875492 0.0919235 0.0817797 0.0883252 0.0883412 0.0883252 0.0991140 0.0958636 0.1106587 0.1097293 0.1087687 0.1089634 0.1083879 0.1086074 0.1071216 0.1154468 0.1131914 0.1009122 0.1137340 0.1128953 0.1135985 0.1016481 0.1041466 0.1041466 0.1019028 0.1121514 0.1119750 0.1113097 0.1090909 0.1136713 0.1099439 0.1023068 0.0921499 0.0914904 0.0929116 0.0739693 
XM_029707348.1 0.0000010 0.0000010 0.0000000 0.0316833 0.0316833 0.0825238 0.0825238 0.0825238 0.0809231 0.0800350 0.0809231 0.0899273 0.0899273 0.1095919 0.1095919 0.1080599 0.1078352 0.1078352 0.1078352 0.1078352 0.1031989 0.1024474 0.1024474 0.1031989 0.1031989 0.1031989 0.1031989 0.1028092 0.1028092 0.1028092 0.1110060 0.1110060 0.1110060 0.1110060 0.1015442 0.1015442 0.1022862 0.0738689 0.0738689 0.0738689 0.0739693 
XM_014216758.2 0.0315639 0.0313839 0.0316833 0.0000000 0.0000010 0.0961877 0.1016161 0.0896450 0.0965474 0.0966272 0.0965474 0.1035460 0.1003100 0.1132564 0.1115942 0.1144811 0.1146867 0.1133809 0.1142751 0.1101188 0.1475305 0.1458853 0.1021067 0.1454120 0.1455130 0.1458019 0.1028289 0.1104900 0.1104900 0.1049231 0.1176806 0.1168235 0.1168649 0.1117950 0.1239918 0.1203447 0.1087597 0.0966423 0.0970630 0.0984459 0.0738014 
XM_014216760.2 0.0315639 0.0315639 0.0316833 0.0000010 0.0000000 0.0952599 0.1007585 0.0896450 0.0956693 0.0957427 0.0956693 0.1035460 0.1001841 0.1116961 0.1115942 0.1136620 0.1138670 0.1133809 0.1134615 0.1101188 0.1468661 0.1452172 0.1021067 0.1447472 0.1455130 0.1458019 0.1028289 0.1096595 0.1096595 0.1049231 0.1168828 0.1168235 0.1168649 0.1117950 0.1203447 0.1203447 0.1087597 0.0966423 0.0970630 0.0970630 0.0738014 
XM_070447602.1 0.0865802 0.0875492 0.0825238 0.0961877 0.0952599 0.0000000 0.0091753 0.0000010 0.0159205 0.0160568 0.0159205 0.0328364 0.0261844 0.0922911 0.0909857 0.0863808 0.0864507 0.0857183 0.0863646 0.0782029 0.0844892 0.0839667 0.0758602 0.0831756 0.0821375 0.0824410 0.0750848 0.0895106 0.0895106 0.0806569 0.0937887 0.0932861 0.0928475 0.0830516 0.0878922 0.0839223 0.0809544 0.0724939 0.0722185 0.0739040 0.0622463 
XM_024003629.2 0.0910233 0.0919235 0.0825238 0.1016161 0.1007585 0.0091753 0.0000000 0.0000010 0.0131972 0.0133034 0.0131972 0.0357539 0.0292163 0.0948573 0.0936616 0.0908103 0.0909697 0.0902588 0.0907884 0.0782029 0.0892877 0.0887644 0.0758602 0.0879713 0.0870098 0.0873721 0.0750848 0.0922226 0.0922226 0.0806569 0.0965818 0.0961321 0.0956786 0.0830516 0.0903465 0.0865756 0.0809544 0.0764661 0.0761201 0.0776464 0.0622463 
XM_070447603.1 0.0817797 0.0817797 0.0825238 0.0896450 0.0896450 0.0000010 0.0000010 0.0000000 0.0073570 0.0074270 0.0073570 0.0268481 0.0268481 0.0853203 0.0853203 0.0795581 0.0796029 0.0796029 0.0796029 0.0796029 0.0765583 0.0773733 0.0773733 0.0765583 0.0765583 0.0765583 0.0765583 0.0806253 0.0806253 0.0806569 0.0853388 0.0853388 0.0853388 0.0853388 0.0796335 0.0796335 0.0809544 0.0611645 0.0611645 0.0611645 0.0622463 
XM_071345592.1 0.0874107 0.0883252 0.0809231 0.0965474 0.0956693 0.0159205 0.0131972 0.0073570 0.0000000 0.0000010 0.0000010 0.0284260 0.0278661 0.0905605 0.0892964 0.0851324 0.0852813 0.0845319 0.0851538 0.0799245 0.0816963 0.0812205 0.0750819 0.0804992 0.0795067 0.0797749 0.0743142 0.0851646 0.0851646 0.0807909 0.0908740 0.0903313 0.0899474 0.0846868 0.0838864 0.0801175 0.0810460 0.0650683 0.0649322 0.0665276 0.0608794 
XM_071345593.1 0.0874197 0.0883412 0.0800350 0.0966272 0.0957427 0.0160568 0.0133034 0.0074270 0.0000010 0.0000000 0.0000010 0.0279902 0.0274255 0.0906102 0.0893365 0.0851324 0.0852881 0.0845327 0.0851596 0.0798837 0.0824263 0.0812079 0.0750819 0.0812079 0.0802101 0.0804894 0.0750819 0.0859018 0.0859018 0.0816102 0.0909256 0.0903794 0.0899918 0.0846891 0.0838695 0.0800712 0.0810140 0.0648057 0.0646729 0.0662894 0.0604879 
XM_071345591.1 0.0874107 0.0883252 0.0809231 0.0965474 0.0956693 0.0159205 0.0131972 0.0073570 0.0000010 0.0000010 0.0000000 0.0284260 0.0278661 0.0905605 0.0892964 0.0851324 0.0852813 0.0845319 0.0851538 0.0799245 0.0816963 0.0812205 0.0750819 0.0804992 0.0795067 0.0797749 0.0743142 0.0851646 0.0851646 0.0807909 0.0908740 0.0903313 0.0899474 0.0846868 0.0838864 0.0801175 0.0810460 0.0650683 0.0649322 0.0665276 0.0608794 
XM_055861108.1 0.0991140 0.0991140 0.0899273 0.1035460 0.1035460 0.0328364 0.0357539 0.0268481 0.0284260 0.0279902 0.0284260 0.0000000 0.0000010 0.0931688 0.0931688 0.0905319 0.0899249 0.0897656 0.0897656 0.0847203 0.0915849 0.0902803 0.0836103 0.0902320 0.0902320 0.0902320 0.0836181 0.0912869 0.0912869 0.0874628 0.0926799 0.0926816 0.0926657 0.0862024 0.0847939 0.0847939 0.0844306 0.0746960 0.0746960 0.0746960 0.0722722 
XM_055861107.1 0.0957123 0.0958636 0.0899273 0.1003100 0.1001841 0.0261844 0.0292163 0.0268481 0.0278661 0.0274255 0.0278661 0.0000010 0.0000000 0.0905371 0.0900143 0.0857468 0.0851498 0.0851373 0.0850205 0.0847203 0.0836519 0.0824013 0.0836103 0.0824180 0.0821867 0.0824901 0.0836181 0.0887127 0.0887127 0.0874628 0.0893607 0.0895411 0.0891591 0.0862024 0.0844336 0.0813669 0.0844306 0.0692838 0.0690649 0.0695330 0.0722722 
XM_064935451.1 0.1090841 0.1106587 0.1095919 0.1132564 0.1116961 0.0922911 0.0948573 0.0853203 0.0905605 0.0906102 0.0905605 0.0931688 0.0905371 0.0000000 0.0000010 0.0627906 0.0621694 0.0627214 0.0622572 0.0611215 0.0582397 0.0578843 0.0567900 0.0581015 0.0577528 0.0585071 0.0570490 0.0566564 0.0566564 0.0556715 0.0692062 0.0698005 0.0689347 0.0690741 0.0673615 0.0642697 0.0706716 0.0519111 0.0508913 0.0514820 0.0572239 
XM_064935452.1 0.1097293 0.1097293 0.1095919 0.1115942 0.1115942 0.0909857 0.0936616 0.0853203 0.0892964 0.0893365 0.0892964 0.0931688 0.0900143 0.0000010 0.0000000 0.0632687 0.0626257 0.0627214 0.0627214 0.0611215 0.0586540 0.0582892 0.0567900 0.0585071 0.0585071 0.0585071 0.0570490 0.0570162 0.0570162 0.0556715 0.0698005 0.0698123 0.0698005 0.0690741 0.0650772 0.0650772 0.0706716 0.0519111 0.0519111 0.0519111 0.0572239 
XM_035783006.2 0.1079223 0.1087687 0.1080599 0.1144811 0.1136620 0.0863808 0.0908103 0.0795581 0.0851324 0.0851324 0.0851324 0.0905319 0.0857468 0.0627906 0.0632687 0.0000000 0.0000010 0.0000010 0.0000010 0.0000010 0.0225487 0.0222280 0.0217296 0.0222280 0.0223650 0.0226494 0.0217296 0.0397696 0.0397696 0.0360132 0.0719989 0.0733395 0.0724280 0.0715266 0.0708211 0.0684310 0.0726232 0.0451814 0.0442984 0.0438776 0.0474653 
XM_035782972.2 0.1081164 0.1089634 0.1078352 0.1146867 0.1138670 0.0864507 0.0909697 0.0796029 0.0852813 0.0852881 0.0852813 0.0899249 0.0851498 0.0621694 0.0626257 0.0000010 0.0000000 0.0000010 0.0000010 0.0000010 0.0225882 0.0217659 0.0217296 0.0222664 0.0224037 0.0226854 0.0223003 0.0391702 0.0391702 0.0364479 0.0713860 0.0727161 0.0718116 0.0708632 0.0702280 0.0678329 0.0718872 0.0441698 0.0433168 0.0429046 0.0466303 
XM_035782989.2 0.1083879 0.1083879 0.1078352 0.1133809 0.1133809 0.0857183 0.0902588 0.0796029 0.0845319 0.0845327 0.0845319 0.0897656 0.0851373 0.0627214 0.0627214 0.0000010 0.0000010 0.0000000 0.0000010 0.0000010 0.0234921 0.0226568 0.0217296 0.0231546 0.0231546 0.0231546 0.0223003 0.0408540 0.0408540 0.0364479 0.0727171 0.0727184 0.0727062 0.0708632 0.0687158 0.0687158 0.0718872 0.0445889 0.0445889 0.0445889 0.0466303 
XM_035782963.2 0.1077667 0.1086074 0.1078352 0.1142751 0.1134615 0.0863646 0.0907884 0.0796029 0.0851538 0.0851596 0.0851538 0.0897656 0.0850205 0.0622572 0.0627214 0.0000010 0.0000010 0.0000010 0.0000000 0.0000010 0.0230525 0.0222351 0.0217296 0.0227265 0.0228662 0.0231546 0.0223003 0.0401237 0.0401237 0.0364479 0.0713883 0.0727062 0.0718103 0.0708632 0.0702413 0.0678685 0.0718872 0.0445889 0.0437287 0.0433186 0.0466303 
XM_035783015.2 0.1071216 0.1071216 0.1078352 0.1101188 0.1101188 0.0782029 0.0782029 0.0796029 0.0799245 0.0798837 0.0799245 0.0847203 0.0847203 0.0611215 0.0611215 0.0000010 0.0000010 0.0000010 0.0000010 0.0000000 0.0223246 0.0217536 0.0217536 0.0223246 0.0223246 0.0223246 0.0223246 0.0392394 0.0392394 0.0364479 0.0725761 0.0725761 0.0725761 0.0725761 0.0703485 0.0703485 0.0718872 0.0450087 0.0450087 0.0450087 0.0466303 
XM_046300737.1 0.1146042 0.1154468 0.1031989 0.1475305 0.1468661 0.0844892 0.0892877 0.0765583 0.0816963 0.0824263 0.0816963 0.0915849 0.0836519 0.0582397 0.0586540 0.0225487 0.0225882 0.0234921 0.0230525 0.0223246 0.0000000 0.0000010 0.0000010 0.0000010 0.0000010 0.0000010 0.0000010 0.0320562 0.0320562 0.0270704 0.0708793 0.0722703 0.0713244 0.0691139 0.0691497 0.0667406 0.0691440 0.0445552 0.0436963 0.0432867 0.0438016 
XM_046300735.1 0.1123436 0.1131914 0.1024474 0.1458853 0.1452172 0.0839667 0.0887644 0.0773733 0.0812205 0.0812079 0.0812205 0.0902803 0.0824013 0.0578843 0.0582892 0.0222280 0.0217659 0.0226568 0.0222351 0.0217536 0.0000010 0.0000000 0.0000010 0.0000010 0.0000010 0.0000010 0.0000010 0.0318754 0.0318754 0.0273482 0.0697248 0.0710832 0.0701589 0.0689752 0.0680546 0.0656560 0.0689920 0.0430714 0.0422491 0.0418568 0.0431321 
XM_046300739.1 0.1009122 0.1009122 0.1024474 0.1021067 0.1021067 0.0758602 0.0758602 0.0773733 0.0750819 0.0750819 0.0750819 0.0836103 0.0836103 0.0567900 0.0567900 0.0217296 0.0217296 0.0217296 0.0217296 0.0217536 0.0000010 0.0000010 0.0000000 0.0000010 0.0000010 0.0000010 0.0000010 0.0305073 0.0305073 0.0273482 0.0714811 0.0714811 0.0714811 0.0714811 0.0665813 0.0665813 0.0689920 0.0429603 0.0429603 0.0429603 0.0431321 
XM_046300732.1 0.1128953 0.1137340 0.1031989 0.1454120 0.1447472 0.0831756 0.0879713 0.0765583 0.0804992 0.0812079 0.0804992 0.0902320 0.0824180 0.0581015 0.0585071 0.0222280 0.0222664 0.0231546 0.0227265 0.0223246 0.0000010 0.0000010 0.0000010 0.0000000 0.0000010 0.0000010 0.0000010 0.0316012 0.0316012 0.0270704 0.0698450 0.0711944 0.0702763 0.0691139 0.0681826 0.0658043 0.0691440 0.0435792 0.0427571 0.0423649 0.0438016 
XM_046300733.1 0.1128953 0.1128953 0.1031989 0.1455130 0.1455130 0.0821375 0.0870098 0.0765583 0.0795067 0.0802101 0.0795067 0.0902320 0.0821867 0.0577528 0.0585071 0.0223650 0.0224037 0.0231546 0.0228662 0.0223246 0.0000010 0.0000010 0.0000010 0.0000010 0.0000000 0.0000010 0.0000010 0.0317956 0.0317956 0.0270704 0.0702872 0.0711944 0.0702763 0.0691139 0.0658043 0.0658043 0.0691440 0.0435792 0.0427571 0.0427571 0.0438016 
XM_046300734.1 0.1135985 0.1135985 0.1031989 0.1458019 0.1458019 0.0824410 0.0873721 0.0765583 0.0797749 0.0804894 0.0797749 0.0902320 0.0824901 0.0585071 0.0585071 0.0226494 0.0226854 0.0231546 0.0231546 0.0223246 0.0000010 0.0000010 0.0000010 0.0000010 0.0000010 0.0000000 0.0000010 0.0321992 0.0321992 0.0270704 0.0712056 0.0712070 0.0711944 0.0691139 0.0666244 0.0666244 0.0691440 0.0435792 0.0435792 0.0435792 0.0438016 
XM_046300738.1 0.1016481 0.1016481 0.1031989 0.1028289 0.1028289 0.0750848 0.0750848 0.0765583 0.0743142 0.0750819 0.0743142 0.0836181 0.0836181 0.0570490 0.0570490 0.0217296 0.0223003 0.0223003 0.0223003 0.0223246 0.0000010 0.0000010 0.0000010 0.0000010 0.0000010 0.0000010 0.0000000 0.0302050 0.0302050 0.0270704 0.0716029 0.0716029 0.0716029 0.0716029 0.0667489 0.0667489 0.0691440 0.0435892 0.0435892 0.0435892 0.0438016 
XM_029632805.2 0.1032874 0.1041466 0.1028092 0.1104900 0.1096595 0.0895106 0.0922226 0.0806253 0.0851646 0.0859018 0.0851646 0.0912869 0.0887127 0.0566564 0.0570162 0.0397696 0.0391702 0.0408540 0.0401237 0.0392394 0.0320562 0.0318754 0.0305073 0.0316012 0.0317956 0.0321992 0.0302050 0.0000000 0.0000010 0.0000010 0.0664324 0.0676514 0.0668227 0.0678622 0.0617247 0.0593386 0.0627542 0.0444160 0.0435624 0.0431554 0.0452699 
XM_065009068.1 0.1032874 0.1041466 0.1028092 0.1104900 0.1096595 0.0895106 0.0922226 0.0806253 0.0851646 0.0859018 0.0851646 0.0912869 0.0887127 0.0566564 0.0570162 0.0397696 0.0391702 0.0408540 0.0401237 0.0392394 0.0320562 0.0318754 0.0305073 0.0316012 0.0317956 0.0321992 0.0302050 0.0000010 0.0000000 0.0000010 0.0664324 0.0676514 0.0668227 0.0678622 0.0617247 0.0593386 0.0627542 0.0444160 0.0435624 0.0431554 0.0452699 
XM_029632807.2 0.1019028 0.1019028 0.1028092 0.1049231 0.1049231 0.0806569 0.0806569 0.0806569 0.0807909 0.0816102 0.0807909 0.0874628 0.0874628 0.0556715 0.0556715 0.0360132 0.0364479 0.0364479 0.0364479 0.0364479 0.0270704 0.0273482 0.0273482 0.0270704 0.0270704 0.0270704 0.0270704 0.0000010 0.0000010 0.0000000 0.0658011 0.0658011 0.0658011 0.0658011 0.0617663 0.0617663 0.0627542 0.0445191 0.0445191 0.0445191 0.0452699 
XM_036978260.1 0.1113267 0.1121514 0.1110060 0.1176806 0.1168828 0.0937887 0.0965818 0.0853388 0.0908740 0.0909256 0.0908740 0.0926799 0.0893607 0.0692062 0.0698005 0.0719989 0.0713860 0.0727171 0.0713883 0.0725761 0.0708793 0.0697248 0.0714811 0.0698450 0.0702872 0.0712056 0.0716029 0.0664324 0.0664324 0.0658011 0.0000000 0.0000010 0.0000010 0.0000010 0.0610168 0.0586300 0.0608813 0.0358961 0.0352074 0.0348790 0.0326275 
XM_036978263.1 0.1119750 0.1119750 0.1110060 0.1168235 0.1168235 0.0932861 0.0961321 0.0853388 0.0903313 0.0903794 0.0903313 0.0926816 0.0895411 0.0698005 0.0698123 0.0733395 0.0727161 0.0727184 0.0727062 0.0725761 0.0722703 0.0710832 0.0714811 0.0711944 0.0711944 0.0712070 0.0716029 0.0676514 0.0676514 0.0658011 0.0000010 0.0000000 0.0000010 0.0000010 0.0593459 0.0593459 0.0608813 0.0358972 0.0358877 0.0358877 0.0326275 
XM_036978262.1 0.1113097 0.1113097 0.1110060 0.1168649 0.1168649 0.0928475 0.0956786 0.0853388 0.0899474 0.0899918 0.0899474 0.0926657 0.0891591 0.0689347 0.0698005 0.0724280 0.0718116 0.0727062 0.0718103 0.0725761 0.0713244 0.0701589 0.0714811 0.0702763 0.0702763 0.0711944 0.0716029 0.0668227 0.0668227 0.0658011 0.0000010 0.0000010 0.0000000 0.0000010 0.0586214 0.0586214 0.0608813 0.0358877 0.0351993 0.0351993 0.0326275 
XM_036978264.1 0.1090909 0.1090909 0.1110060 0.1117950 0.1117950 0.0830516 0.0830516 0.0853388 0.0846868 0.0846891 0.0846868 0.0862024 0.0862024 0.0690741 0.0690741 0.0715266 0.0708632 0.0708632 0.0708632 0.0725761 0.0691139 0.0689752 0.0714811 0.0691139 0.0691139 0.0691139 0.0716029 0.0678622 0.0678622 0.0658011 0.0000010 0.0000010 0.0000010 0.0000000 0.0586579 0.0586579 0.0608813 0.0343718 0.0343718 0.0343718 0.0326275 
XM_020499183.2 0.1099439 0.1136713 0.1015442 0.1239918 0.1203447 0.0878922 0.0903465 0.0796335 0.0838864 0.0838695 0.0838864 0.0847939 0.0844336 0.0673615 0.0650772 0.0708211 0.0702280 0.0687158 0.0702413 0.0703485 0.0691497 0.0680546 0.0665813 0.0681826 0.0658043 0.0666244 0.0667489 0.0617247 0.0617247 0.0617663 0.0610168 0.0593459 0.0586214 0.0586579 0.0000000 0.0000010 0.0000010 0.0329627 0.0323454 0.0361619 0.0340260 
XM_020499184.2 0.1099439 0.1099439 0.1015442 0.1203447 0.1203447 0.0839223 0.0865756 0.0796335 0.0801175 0.0800712 0.0801175 0.0847939 0.0813669 0.0642697 0.0650772 0.0684310 0.0678329 0.0687158 0.0678685 0.0703485 0.0667406 0.0656560 0.0665813 0.0658043 0.0658043 0.0666244 0.0667489 0.0593386 0.0593386 0.0617663 0.0586300 0.0593459 0.0586214 0.0586579 0.0000010 0.0000000 0.0000010 0.0329627 0.0323454 0.0323454 0.0340260 
XM_020499187.2 0.1023068 0.1023068 0.1022862 0.1087597 0.1087597 0.0809544 0.0809544 0.0809544 0.0810460 0.0810140 0.0810460 0.0844306 0.0844306 0.0706716 0.0706716 0.0726232 0.0718872 0.0718872 0.0718872 0.0718872 0.0691440 0.0689920 0.0689920 0.0691440 0.0691440 0.0691440 0.0691440 0.0627542 0.0627542 0.0627542 0.0608813 0.0608813 0.0608813 0.0608813 0.0000010 0.0000010 0.0000000 0.0344050 0.0344050 0.0344050 0.0344050 
XM_024421700.2 0.0921499 0.0921499 0.0738689 0.0966423 0.0966423 0.0724939 0.0764661 0.0611645 0.0650683 0.0648057 0.0650683 0.0746960 0.0692838 0.0519111 0.0519111 0.0451814 0.0441698 0.0445889 0.0445889 0.0450087 0.0445552 0.0430714 0.0429603 0.0435792 0.0435792 0.0435792 0.0435892 0.0444160 0.0444160 0.0445191 0.0358961 0.0358972 0.0358877 0.0343718 0.0329627 0.0329627 0.0344050 0.0000000 0.0000010 0.0000010 0.0000010 
XM_024421699.2 0.0914904 0.0914904 0.0738689 0.0970630 0.0970630 0.0722185 0.0761201 0.0611645 0.0649322 0.0646729 0.0649322 0.0746960 0.0690649 0.0508913 0.0519111 0.0442984 0.0433168 0.0445889 0.0437287 0.0450087 0.0436963 0.0422491 0.0429603 0.0427571 0.0427571 0.0435792 0.0435892 0.0435624 0.0435624 0.0445191 0.0352074 0.0358877 0.0351993 0.0343718 0.0323454 0.0323454 0.0344050 0.0000010 0.0000000 0.0000010 0.0000010 
XM_024421698.2 0.0914904 0.0929116 0.0738689 0.0984459 0.0970630 0.0739040 0.0776464 0.0611645 0.0665276 0.0662894 0.0665276 0.0746960 0.0695330 0.0514820 0.0519111 0.0438776 0.0429046 0.0445889 0.0433186 0.0450087 0.0432867 0.0418568 0.0429603 0.0423649 0.0427571 0.0435792 0.0435892 0.0431554 0.0431554 0.0445191 0.0348790 0.0358877 0.0351993 0.0343718 0.0361619 0.0323454 0.0344050 0.0000010 0.0000010 0.0000000 0.0000010 
XM_024421701.2 0.0739693 0.0739693 0.0739693 0.0738014 0.0738014 0.0622463 0.0622463 0.0622463 0.0608794 0.0604879 0.0608794 0.0722722 0.0722722 0.0572239 0.0572239 0.0474653 0.0466303 0.0466303 0.0466303 0.0466303 0.0438016 0.0431321 0.0431321 0.0438016 0.0438016 0.0438016 0.0438016 0.0452699 0.0452699 0.0452699 0.0326275 0.0326275 0.0326275 0.0326275 0.0340260 0.0340260 0.0344050 0.0000010 0.0000010 0.0000010 0.0000000 
